0.66034
0.96699
0.42055
0.70869
0.72446
0.40492
0.95283
0.73026
0.967
1
0.37907
0.29765
0.29286
0.42743
0.97569
0.96141
0.4206
0.37915
0.82572
0.64745
0.65332
0.81379
0.4326
0.38133
0.70857
0.29744
0.64739
0.64479
0.63891
0.65206
0.2372
0.70467
0.72454
0.29286
0.65342
0.63911
0.63381
0.65684
0.23239
0.71909
0.40484
0.42772
0.81378
0.65214
0.65676
0.80038
0.48103
0.35975
0.95293
0.9759
0.43276
0.23734
0.23233
0.48098
0.94144
0.94103
0.72997
0.96175
0.38131
0.70483
0.71907
0.35985
0.94128
0.80099
