-2.19858712717835
2.04471782367042
-1.26570401319900
0.188077876551200
0.188077876551200
-1.26570401319900
2.04471782367042
-2.19858712717835
-0.170251283584830
-2.76268608146322
-0.107366539457032
1.30387826616357
1.30387826616357
-0.107366539457032
-2.76268608146322
-0.170251283584830
-0.833701690083431
2.94617946994216
-0.559676041545593
0.944771328773069
0.944771328773069
-0.559676041545593
2.94617946994216
-0.833701690083431
-2.77888470745136
1.08637965001125
-2.33041449498017
-0.760206363201379
-0.760206363201379
-2.33041449498017
1.08637965001125
-2.77888470745136
-2.77888470745136
1.08637965001125
-2.33041449498017
-0.760206363201381
-0.760206363201381
-2.33041449498017
1.08637965001125
-2.77888470745136
-0.833701690083431
2.94617946994216
-0.559676041545593
0.944771328773068
0.944771328773068
-0.559676041545593
2.94617946994216
-0.833701690083431
-0.170251283584831
-2.76268608146322
-0.107366539457032
1.30387826616357
1.30387826616357
-0.107366539457032
-2.76268608146322
-0.170251283584831
-2.19858712717835
2.04471782367042
-1.26570401319901
0.188077876551199
0.188077876551199
-1.26570401319901
2.04471782367042
-2.19858712717835