2.73879149672668
-0.918076768360250
0.893286783570887
1.81868390905239
1.81868390905239
0.893286783570887
-0.918076768360250
2.73879149672668
1.81868390905239
-1.60206820300888
0.385264683084757
1.40512542479099
1.40512542479099
0.385264683084757
-1.60206820300888
1.81868390905239
0.385264683084757
-2.78104207527351
-0.599929679408667
0.525509137014027
0.525509137014027
-0.599929679408667
-2.78104207527351
0.385264683084757
-1.70163299687696
1.67628703651491
-2.22193242932646
-0.983452811901173
-0.983452811901173
-2.22193242932646
1.67628703651491
-1.70163299687696
1.67628703651491
-0.983452811901166
1.59851319049605
2.94839072793969
2.94839072793969
1.59851319049605
-0.983452811901166
1.67628703651491
-2.22193242932646
1.59851319049605
-1.94052421867234
-0.497169993935508
-0.497169993935508
-1.94052421867234
1.59851319049605
-2.22193242932646
-0.983452811901173
2.94839072793969
-0.497169993935508
1.00084856670223
1.00084856670223
-0.497169993935508
2.94839072793969
-0.983452811901173
-0.983452811901173
2.94839072793969
-0.497169993935508
1.00084856670223
1.00084856670223
-0.497169993935508
2.94839072793969
-0.983452811901173