2.23499130037211
-1.18576081168917
0.801572074404461
1.82143281611071
1.82143281611071
0.801572074404461
-1.18576081168917
2.23499130037211
0.801572074404475
-2.36473468395379
-0.183622288088949
0.941816528333745
0.941816528333745
-0.183622288088949
-2.36473468395379
0.801572074404475
-1.28532560555724
2.09259442783463
-1.80562503800674
-0.567145420581456
-0.567145420581456
-1.80562503800674
2.09259442783463
-1.28532560555724
2.09259442783463
-0.567145420581456
2.01482058181576
-2.91848718792018
-2.91848718792018
2.01482058181576
-0.567145420581456
2.09259442783463
-1.80562503800674
2.01482058181577
-1.52421682735263
-0.0808626026157898
-0.0808626026157898
-1.52421682735263
2.01482058181577
-1.80562503800674
-0.567145420581456
-2.91848718792018
-0.0808626026157899
1.41715595802195
1.41715595802195
-0.0808626026157899
-2.91848718792018
-0.567145420581456
-0.567145420581456
-2.91848718792018
-0.0808626026157899
1.41715595802195
1.41715595802195
-0.0808626026157899
-2.91848718792018
-0.567145420581456
-1.80562503800674
2.01482058181577
-1.52421682735263
-0.0808626026157899
-0.0808626026157899
-1.52421682735263
2.01482058181577
-1.80562503800674