-0.895316373389042
2.48260366000283
-1.41561580583854
-0.177136188413256
-0.177136188413256
-1.41561580583854
2.48260366000283
-0.895316373389042
2.48260366000283
-0.177136188413256
2.40482981398397
-2.52847795575198
-2.52847795575198
2.40482981398397
-0.177136188413256
2.48260366000283
-1.41561580583854
2.40482981398397
-1.13420759518443
0.309146629552410
0.309146629552410
-1.13420759518443
2.40482981398397
-1.41561580583854
-0.177136188413256
-2.52847795575198
0.309146629552410
1.80716519019015
1.80716519019015
0.309146629552410
-2.52847795575198
-0.177136188413256
-0.177136188413256
-2.52847795575198
0.309146629552410
1.80716519019015
1.80716519019015
0.309146629552410
-2.52847795575198
-0.177136188413256
-1.41561580583854
2.40482981398397
-1.13420759518443
0.309146629552410
0.309146629552410
-1.13420759518443
2.40482981398397
-1.41561580583854
2.48260366000283
-0.177136188413256
2.40482981398397
-2.52847795575198
-2.52847795575198
2.40482981398397
-0.177136188413256
2.48260366000283
-0.895316373389042
2.48260366000283
-1.41561580583854
-0.177136188413256
-0.177136188413256
-1.41561580583854
2.48260366000283
-0.895316373389042