-0.895316373389042
2.48260366000283
-1.41561580583854
-0.177136188413256
-0.177136188413256
-1.41561580583854
2.48260366000283
-0.895316373389042
2.48260366000283
-0.177136188413256
2.40482981398397
-2.52847795575198
-2.52847795575198
2.40482981398397
-0.177136188413256
2.48260366000283
-1.41561580583854
2.40482981398397
-1.13420759518443
0.309146629552410
0.309146629552410
-1.13420759518443
2.40482981398397
-1.41561580583854
-0.177136188413256
-2.52847795575198
0.309146629552410
1.80716519019015
1.80716519019015
0.309146629552410
-2.52847795575198
-0.177136188413256
2.96445646517654
0.613114697837813
-2.83244602403738
-1.33442746339964
-1.33442746339964
-2.83244602403738
0.613114697837813
2.96445646517654
1.72597684775125
-0.736762839605826
2.00738505840537
-2.83244602403738
-2.83244602403738
2.00738505840537
-0.736762839605826
1.72597684775125
-0.658988993586968
2.96445646517654
-0.736762839605826
0.613114697837813
0.613114697837813
-0.736762839605826
2.96445646517654
-0.658988993586968
2.24627628020075
-0.658988993586968
1.72597684775125
2.96445646517654
2.96445646517654
1.72597684775125
-0.658988993586968
2.24627628020075